 
51.503763 -0.0857526
51.5040515 -0.0863191
51.5041778 -0.086214
51.5043701 -0.0861282
51.5045518 -0.0862398
51.5047388 -0.0865745
51.5052784 -0.0858278
51.5056813 -0.0868581
51.5057966 -0.0868148
51.5056844 -0.0860595
51.5054181 -0.0852852
51.5048391 -0.0841959
51.5045773 -0.0838612
51.5042308 -0.0834541
51.5039141 -0.0840883
51.5037034 -0.0837181
51.5031724 -0.0844065
51.5035012 -0.0852205
51.503763 -0.0857526
 
51.5027617 -0.0901114
51.5028386 -0.0906053
51.5031271 -0.0914207
51.5032036 -0.0916669
 
51.5024295 -0.0891074
51.5019998 -0.0896269
 
51.5043308 -0.0887824
51.5042952 -0.0887098
51.5042445 -0.0886028
 
51.503739 -0.0859144
51.504079 -0.0865873
51.5043377 -0.0871975
51.5051577 -0.0894102
 
51.5474464 -0.1815705
51.5473417 -0.181082
51.5472416 -0.1806984
51.5470429 -0.1801066
51.5467547 -0.1796174
51.5462797 -0.1791024
51.5456775 -0.1783658
51.5452805 -0.1774748
51.5448174 -0.1764774
51.5440482 -0.1751209
51.543552 -0.1746155
51.5431461 -0.1744381
51.5427516 -0.1745113
51.5419474 -0.1747309
51.5410218 -0.1749261
51.5402175 -0.1750969
51.5390643 -0.1752677
51.5380475 -0.175536
51.5373039 -0.1756336
51.5364693 -0.1757312
51.5358471 -0.1754628
51.5350731 -0.1746821
51.5345571 -0.1741698
51.5335604 -0.172915
51.5317812 -0.1707025
51.5302705 -0.1686788
51.5298207 -0.1682418
51.5290731 -0.1675552
51.5282615 -0.1667398
51.5271294 -0.1657356
51.5255381 -0.1639074
51.5239046 -0.1621304
51.523237 -0.1609288
51.5227505 -0.1591266
51.5225063 -0.1572303
51.521982 -0.1556073
51.5213946 -0.1548348
51.5203799 -0.1539765
51.5190447 -0.1525603
51.5179498 -0.151187
51.5168549 -0.1503287
51.5155196 -0.1495992
51.5143279 -0.1489729
51.5102362 -0.1471361
51.5085796 -0.1456578
51.5072655 -0.1440441
51.5071155 -0.1437239
51.5069022 -0.1430743
51.5066565 -0.1420357
51.5065229 -0.1408598
51.5063145 -0.1367743
51.5058177 -0.1350577
51.5019603 -0.1290066
51.5013726 -0.12729
51.5011429 -0.1256249
51.5011336 -0.1243977
51.5011301 -0.1236658
51.5011697 -0.1228958
51.5012766 -0.1222521
51.5014903 -0.1213938
51.501891 -0.1203638
51.5025856 -0.1184755
51.5029061 -0.1171451
51.5032 -0.1153856
51.5033603 -0.1143986
51.5035427 -0.1124352
51.5038479 -0.1049956
51.5038642 -0.1047922
51.5055474 -0.094339
51.5056222 -0.0928284
51.5056436 -0.0916696
51.5056222 -0.0909229
51.5055688 -0.090262
51.5055261 -0.0897213
51.505494 -0.089172
51.5049811 -0.0863911
51.5042439 -0.0853525
51.5034051 -0.0845457
51.5025609 -0.0837389
51.5016419 -0.0831123
51.5008619 -0.0817133
51.5001437 -0.0804827
51.4978876 -0.0665309
51.4979444 -0.0647187
51.4981302 -0.063495
51.4980113 -0.0497232
51.4981814 -0.0464722
51.5026321 -0.0267143
51.5035137 -0.0228001
51.503674 -0.0208432
51.5036313 -0.0197102
51.5034069 -0.0176846
51.5031198 -0.0160153
51.5001424 -0.0029732
51.4997524 -5.5e-05
51.499731 0.0018762
51.499902 0.0027603
51.5002653 0.0036357
51.501756 0.0069831
51.5026375 0.0082019
51.505779 0.0107597
51.5075064 0.0114688
51.5087138 0.0113658
51.5097554 0.0109195
51.5110856 0.01019
 
51.5037356 -0.0936986
51.5035213 -0.0928419
51.5033301 -0.0919185
51.5032446 -0.0916353
 
51.5047207 -0.090657
51.5039606 -0.0910431
 
51.500205 -0.0913147
51.5000856 -0.0912292
51.4999033 -0.0911087
51.4995476 -0.0908696
 
51.5008326 -0.0928603
51.5010917 -0.0919854
51.5011285 -0.0917
51.5010154 -0.0905856
51.5008231 -0.0896758
51.5007511 -0.0894601
51.5006949 -0.0892982
51.5005949 -0.0889937
51.5005399 -0.0888261
 
51.4992256 -0.0858341
51.4997008 -0.0853573
51.5001285 -0.085204
51.5005503 -0.0850311
 
51.4995476 -0.0908696
51.4998974 -0.0894556
51.5000372 -0.0893187
51.5001483 -0.0892098
51.5005399 -0.0888261
 
51.5003291 -0.0882607
51.5000061 -0.0885225
51.4999176 -0.0885642
51.4997196 -0.0884235
51.4996102 -0.0884287
51.49919 -0.0888551
 
51.5004113 -0.0925542
51.5006566 -0.0916316
 
51.5024295 -0.0891074
51.5029304 -0.0887962
51.5037251 -0.0883671
 
51.5010154 -0.0905856
51.5015513 -0.0906211
51.5016181 -0.0908679
51.501668 -0.0908754
51.5020464 -0.090797
51.5021057 -0.0907685
51.5023293 -0.0905772
51.5027617 -0.0901114
 
51.5041972 -0.0857354
51.5034616 -0.0841677
51.5024875 -0.0813237
51.4995008 -0.0751865
 
51.5006949 -0.0892982
51.5010528 -0.0890492
51.5012292 -0.0889634
 
51.5012292 -0.0889634
51.5018543 -0.0886544
51.5021665 -0.0883188
 
51.4999255 -0.0863456
51.5001819 -0.0863284
51.5001755 -0.0861944
51.5001646 -0.0859667
51.5001529 -0.0857199
51.500143 -0.0855109
51.5001285 -0.085204
 
51.504251 -0.0872756
51.5042095 -0.087395
51.504295 -0.0873177
51.5045835 -0.0870173
51.5048097 -0.0869616
 
51.5033387 -0.0879958
51.5031891 -0.0874722
51.5030608 -0.0874465
51.5029967 -0.087558
51.5030502 -0.0878756
51.5031036 -0.0881073
 
51.5024838 -0.0873864
51.5025586 -0.0879443
51.5027403 -0.0880473
51.5028097 -0.0882447
 
51.5312138 -0.1192477
51.5315982 -0.1136772
51.5320147 -0.109214
51.5320948 -0.1061413
51.5312405 -0.1021502
51.529625 -0.0976973
51.5282983 -0.0911467
51.5275828 -0.0885117
51.5272731 -0.0881426
51.5267391 -0.0878594
51.5256284 -0.0875418
51.5243681 -0.0876877
51.5235801 -0.0875759
51.5221892 -0.0873787
51.5206672 -0.0874903
51.5193747 -0.0878336
51.5184561 -0.0880568
51.5163425 -0.0887164
51.5148722 -0.0895073
51.5144716 -0.089473
51.5129124 -0.0888033
51.51257 -0.0879366
51.5108286 -0.0864088
51.5106684 -0.0863659
51.5069685 -0.0853783
51.5049811 -0.0863911
51.5038699 -0.0880905
51.5016943 -0.0929074
51.501277 -0.0934774
51.5009233 -0.0939091
51.5000535 -0.0947714
51.4984391 -0.0967199
51.4978548 -0.0974615
51.4973186 -0.0981266
51.4966442 -0.0987823
51.4957782 -0.0995409
51.4946667 -0.1004851
51.493598 -0.1007168
51.4931117 -0.1009228
51.4915726 -0.1029827
51.4899417 -0.1044355
51.4882323 -0.105959
 
51.5035973 -0.0856484
51.5029244 -0.0857781
51.5028512 -0.0857922
51.5024221 -0.0858437
51.5022669 -0.0858625
51.5018152 -0.0858423
51.5017151 -0.0858379
 
51.5005503 -0.0850311
51.5003743 -0.0834702
51.5003754 -0.083414
51.500401 -0.082157
 
51.5022108 -0.0928875
51.5020585 -0.0924249
 
51.503739 -0.0859144
51.5050441 -0.0848802
51.5052501 -0.084715
 
51.5051253 -0.084407
51.5049651 -0.0845421
51.5048654 -0.0846232
51.5035973 -0.0856484
 
51.5002865 -0.0927864
51.5004113 -0.0925542
 
51.5021962 -0.0881137
51.502426 -0.0882682
51.502629 -0.0883626
51.5028097 -0.0882447
51.502832 -0.0882253
51.5031036 -0.0881073
51.5033387 -0.0879958
51.5035582 -0.0878736
 
51.5004333 -0.0826614
51.5004119 -0.083494
51.5004547 -0.0839231
51.5006417 -0.0838974
51.5007699 -0.0849102
51.5008608 -0.0853394
51.5012134 -0.0855282
51.5012508 -0.0853737
51.5011974 -0.0850218
51.5013149 -0.0849789
51.5011653 -0.0836914
51.5009142 -0.0837429
51.5009195 -0.0834425
51.500989 -0.0828932
51.5009142 -0.082876
51.5009356 -0.0826786
51.5007235 -0.0826713
51.5004333 -0.0826614
 
51.5051577 -0.0894102
51.5050796 -0.089556
51.5048895 -0.0898249
51.5047031 -0.0900846
51.5043906 -0.0904797
51.5039926 -0.090983
51.5039606 -0.0910431
51.5037906 -0.0911836
51.5037382 -0.091227
51.5032446 -0.0916353
51.5032036 -0.0916669
51.5027211 -0.0920387
51.5026464 -0.0920822
51.5020585 -0.0924249
51.5018876 -0.0925194
51.5018046 -0.0926121
51.5017647 -0.0926567
51.5013135 -0.0931178
 
51.5048895 -0.0898249
51.5045789 -0.0891197
51.5043308 -0.0887824
 
51.5043308 -0.0887824
51.5042297 -0.08889
51.5043845 -0.0893925
51.5047031 -0.0900846
 
51.5042445 -0.0886028
51.5039255 -0.088925
51.5037251 -0.0883671
51.5035582 -0.0878736
 
51.5039255 -0.088925
51.5040164 -0.0891828
 
51.5029817 -0.0880905
51.5029136 -0.0873851
51.5031882 -0.0872953
51.503366 -0.0878472
51.5041834 -0.0871418
51.5037615 -0.0860699
51.5036669 -0.0861297
51.5035881 -0.0858484
51.5034011 -0.0859428
51.503353 -0.0857626
51.5032408 -0.0858398
51.5032889 -0.0860544
51.5031286 -0.0861746
51.5031981 -0.0864407
51.5029844 -0.086578
51.5030218 -0.0866724
51.5028638 -0.0867008
51.5027707 -0.0858913
51.5023326 -0.0859428
51.5024032 -0.0866449
51.5023601 -0.0871356
51.5025108 -0.0871743
51.5026055 -0.0878716
51.5027949 -0.0879878
51.5028356 -0.0881299
51.5029817 -0.0880905
 
51.5012292 -0.0889634
51.5012569 -0.0890355
51.501333 -0.0892412
 
51.4999033 -0.0911087
51.5001681 -0.0899594
51.500225 -0.0898119
51.5001404 -0.0896206
 
51.5004143 -0.0873267
51.500384 -0.0874989
51.5003933 -0.0876153
51.5005097 -0.0878689
 
51.500205 -0.0913147
51.4998479 -0.0921003
 
51.500205 -0.0913147
51.5006566 -0.0916316
51.5010917 -0.0919854
51.5017647 -0.0926567
 
51.500225 -0.0898119
51.5003255 -0.0896947
51.5005065 -0.089574
51.5007511 -0.0894601
 
51.5011597 -0.087324
51.5010831 -0.0873305
51.5005622 -0.0873275
51.5004679 -0.0873269
51.5004143 -0.0873267
51.5002002 -0.0873779
51.4999977 -0.0875501
 
51.5015123 -0.0872468
51.5014498 -0.0868053
51.5014225 -0.086612
51.5014055 -0.0864915
51.5012933 -0.0856328
 
51.5010831 -0.0873305
51.5010864 -0.0868562
51.5010865 -0.0868513
 
51.5022837 -0.0872633
51.5021224 -0.0872596
51.5020395 -0.0872576
51.5019569 -0.0872557
51.5015123 -0.0872468
51.5011597 -0.087324
 
51.5002945 -0.0888561
51.500388 -0.0887703
51.5002878 -0.0884699
51.500196 -0.0885584
51.5002945 -0.0888561
 
51.5001743 -0.0882231
51.5001141 -0.0882875
51.4999672 -0.0879549
51.5000207 -0.0878905
51.5001743 -0.0882231
 
51.5027211 -0.0920387
51.5026409 -0.091764
51.5023293 -0.0905772
 
51.5035582 -0.0878736
51.504251 -0.0872756
51.5043377 -0.0871975
 
51.5046636 -0.0868113
51.5044269 -0.0871016
51.5043377 -0.0871975
 
51.5024317 -0.0843046
51.5025081 -0.0845392
51.5029244 -0.0857781
 
51.5010193 -0.0854987
51.5010119 -0.0853281
51.5009639 -0.0849161
51.5009852 -0.0848217
51.5010562 -0.084727
51.5012043 -0.0845299
51.501304 -0.0843886
 
51.5047227 -0.0866689
51.5045251 -0.0862912
51.5043648 -0.0861968
51.5041938 -0.0862741
51.5040816 -0.0863771
51.5043701 -0.0870637
51.5047227 -0.0866689
 
51.5019407 -0.0871119
51.5019424 -0.0864152
51.5017019 -0.0863551
51.5017133 -0.0858687
51.5013854 -0.0857085
51.5015951 -0.0870932
51.5019407 -0.0871119
 
51.5023293 -0.0905772
51.5019998 -0.0896269
 
51.5026464 -0.0920822
51.502486 -0.0914894
51.5023577 -0.0910345
 
51.5022108 -0.0928875
51.5025251 -0.0926176
51.5027094 -0.0926089
 
51.5018046 -0.0926121
51.5017487 -0.0923734
51.5016632 -0.0919872
51.501668 -0.0908754
 
51.502689 -0.0909057
51.5027585 -0.0908371
51.5026837 -0.0906482
51.5026997 -0.0903736
51.5026356 -0.090365
51.5026035 -0.0906482
51.5024753 -0.0907684
51.5025073 -0.0908628
51.5026249 -0.0907512
51.502689 -0.0909057
 
51.502331 -0.090262
51.5024593 -0.0901247
51.5025982 -0.0901418
51.5025982 -0.0900646
51.5025073 -0.090056
51.5023097 -0.0895496
51.5023577 -0.0894037
51.5023043 -0.0893779
51.5022616 -0.0895067
51.5021654 -0.0896354
51.5021975 -0.0897384
51.5022723 -0.0896612
51.5024219 -0.0900217
51.502299 -0.0901504
51.502331 -0.090262
 
51.5022669 -0.0858625
51.5023123 -0.0863286
51.5023427 -0.0866397
51.5022837 -0.0872633
51.5022625 -0.0874659
51.5021962 -0.0881137
51.5021665 -0.0883188
 
51.5017807 -0.0924078
51.5020372 -0.0922533
51.5019837 -0.0920644
51.5018715 -0.0921417
51.5017754 -0.0917555
51.5016792 -0.0918327
51.5017861 -0.0922275
51.501754 -0.0922533
51.5017807 -0.0924078
 
51.5039926 -0.090983
51.5038163 -0.0906311
 
51.5037906 -0.0911836
51.5036293 -0.090777
 
51.5043906 -0.0904797
51.5041796 -0.089747
 
51.5021057 -0.0907685
51.5022098 -0.0911535
 
51.5021665 -0.0883188
51.5024295 -0.0891074
 
51.5024295 -0.0891074
51.5027617 -0.0901114
 
51.5019569 -0.0872557
51.5018247 -0.0868482
51.5017445 -0.0865882
51.501621 -0.0861881
51.5015245 -0.0857461
 
51.5021208 -0.0851503
51.5020271 -0.0843766
51.5012812 -0.084484
51.5013716 -0.0853168
51.5021208 -0.0851503
 
51.5018152 -0.0858423
51.5018088 -0.0859647
51.5017966 -0.0861498
 
51.5019569 -0.0872557
51.5019574 -0.087694
 
51.5001404 -0.0896206
51.5000372 -0.0893187
 
51.5008326 -0.0928603
51.5004113 -0.0925542
51.4998479 -0.0921003
51.499262 -0.0916163
51.4992145 -0.0915788
51.4988145 -0.0912798
51.4983068 -0.0905696
51.498125 -0.0903816
51.4979253 -0.0901351
51.4974147 -0.0895828
51.4973559 -0.0895184
51.4970817 -0.089164
51.4970278 -0.0890962
51.496478 -0.0884045
51.495428 -0.0869647
51.4949514 -0.0861632
 
51.5017151 -0.0858379
51.5015245 -0.0857461
51.501351 -0.085661
51.5012933 -0.0856328
51.5011572 -0.0855662
51.5010193 -0.0854987
51.5008709 -0.085426
51.5008401 -0.085388
51.5007959 -0.0853336
51.5005503 -0.0850311
 
51.5025298 -0.0828187
51.5023882 -0.0830399
51.5022223 -0.083376
51.5021425 -0.0836235
51.5020784 -0.0840697
51.5020787 -0.084277
51.5021021 -0.0846667
51.5021622 -0.0850499
51.5021789 -0.0851439
51.5021888 -0.0852295
51.502244 -0.0856577
51.5022669 -0.0858625
 
51.5045595 -0.0839603
51.5037795 -0.085325
 
51.5013983 -0.0852362
51.5013732 -0.0850687
 
51.5001646 -0.0859667
51.5002186 -0.0859665
51.5003387 -0.0859584
 
51.5010338 -0.0861067
51.5010193 -0.0854987
 
51.5006932 -0.0878558
51.5011812 -0.0878315
 
51.5024221 -0.0858437
51.5024157 -0.0857628
51.5024024 -0.08561
51.5024641 -0.0854947
 
51.5020562 -0.085261
51.5020704 -0.085409
 
51.5005503 -0.0850311
51.5005553 -0.0853286
51.5007188 -0.0854761
51.5007959 -0.0853336
 
51.5014055 -0.0864915
51.5012652 -0.0865648
51.5006571 -0.0868939
51.5005622 -0.0873275
 
51.5006366 -0.0861471
51.5006571 -0.0868939
 
51.5004679 -0.0873269
51.5004547 -0.0872314
51.5004313 -0.0870786
 
51.5005097 -0.0878689
51.5006932 -0.0878558
 
51.5015123 -0.0872468
51.5015304 -0.0874076
51.5015792 -0.0879255
 
51.5017445 -0.0865882
51.5014225 -0.086612
 
51.5016069 -0.0870705
51.5017219 -0.0870732
51.5017236 -0.0867222
51.5016085 -0.0867222
51.5016069 -0.0870705
 
51.5020395 -0.0872576
51.5020336 -0.0876226
51.5020055 -0.0878799
 
51.5021224 -0.0872596
51.502124 -0.0871027
 
51.5029244 -0.0857781
51.5029807 -0.0862934
 
51.5017151 -0.0858379
51.5017184 -0.0857333
51.5017051 -0.0853447
51.5020562 -0.085261
51.5021888 -0.0852295
 
51.501645 -0.0852885
51.5017051 -0.0853447
 
51.5021622 -0.0850499
51.5013983 -0.0852362
 
51.5011572 -0.0855662
51.50116 -0.0856931
51.5011667 -0.0858432
 
51.5009588 -0.0861143
51.5009576 -0.0859772
51.5009059 -0.0858887
51.5008992 -0.0855912
51.5008692 -0.0855082
51.5008709 -0.085426
 
51.5006468 -0.0858978
51.5006451 -0.0856216
51.5008289 -0.0856181
51.5008338 -0.0858952
51.5006468 -0.0858978
 
51.5005598 -0.0854974
51.500143 -0.0855109
 
51.5000991 -0.0855087
51.5000908 -0.0853371
51.500014 -0.0853371
51.500024 -0.0855141
51.5000991 -0.0855087
 
51.5001529 -0.0857199
51.5002069 -0.0857145
51.5003437 -0.0857038
 
51.5020055 -0.0878799
51.5018638 -0.0878853
 
51.5023123 -0.0863286
51.5022425 -0.0863282
51.5021457 -0.0863229
 
51.5014516 -0.0879522
51.5013998 -0.0874265
51.501495 -0.087397
51.5015434 -0.0879281
51.5014516 -0.0879522
 
51.5011597 -0.087324
51.5011812 -0.0878315
51.5012292 -0.0889634
 
51.5012652 -0.0865648
51.5012268 -0.086087
51.5010338 -0.0861067
51.5009588 -0.0861143
51.5006366 -0.0861471
51.5005774 -0.0861532
51.500225 -0.0861893
51.5001755 -0.0861944
 
51.5010026 -0.0860764
51.500991 -0.0855833
51.5008591 -0.0855216
51.5008742 -0.0860737
51.5010026 -0.0860764
 
51.5029927 -0.0854685
51.5030427 -0.0856026
51.503203 -0.0856026
51.5032815 -0.08549
51.5031729 -0.0853693
51.5029927 -0.0854685
 
51.5013732 -0.0850687
51.5013599 -0.0849239
 
51.5005553 -0.0853286
51.5005598 -0.0854974
51.5005774 -0.0861532
 
51.5014498 -0.0868053
51.5010864 -0.0868562
 
51.5008401 -0.085388
51.5008455 -0.0856984
 
51.5037382 -0.091227
51.5039865 -0.0923977
 
51.5005399 -0.0888261
51.5003291 -0.0882607
51.4999977 -0.0875501
51.4998482 -0.0872415
51.4992256 -0.0858341
51.4986051 -0.0842501
51.4985478 -0.0841379
51.498502 -0.084048
51.4984243 -0.0838164
51.4983281 -0.0835929
51.4982675 -0.083317
51.4982465 -0.083213
51.4981679 -0.0827424
51.4979946 -0.0817049
51.4979526 -0.0814534
 
51.5025298 -0.0828187
51.5026397 -0.0831784
51.5026515 -0.0832096
51.5029993 -0.0841326
51.5034312 -0.0852784
51.5035973 -0.0856484
51.503739 -0.0859144
